0
1 1 1 1 11 22
2
5
0
0.5
1.15
-1000
1
0.614100491 0.654254914
0.688938811
0.717565139
0.739101665
0.757081264
0.772155021
0.785694132
0.796465926
0.807375856
0.813821737
0.819012035
0.821076414
0.817995274
0.815421689
0.811108748
0.805109121
0.803743705
0.802561335
0.804468216
0.808182709
0.817240055
0.827290534
0.841796626
0.856607443
0.870691248
0.882854021
0.895569006
0.903250869
0.908118663
0.911422521
0.91278903
0.911507607
0.909003837
0.90749338
0.909896089
0.90975054
0.912401099
0.915155856
0.922048113
0.928548016
0.936900794
0.944843963
0.952295539
0.959481176
0.966986227
0.975059143
0.98203281
0.986450218
0.990860963
0.993315742
0.995715038
0.996624709
0.996069409
0.997391409
0.998196944
1
0.999115556
0.999093678
0.998685686
0.991801023
0.979912834
0.958795306
0.922909393
0.866894531
0.791368205
0.695599993
0.587432246
0.476876377
0.375833666
0.289291056
0
0
0
0.263068433480164
-1
