0.197
0.279
0.361
0.443
0.525
0.607
0.665
0.723
0.781
0.839
0.897
0.907
0.917
0.927
0.937
0.946
0.95
0.953
0.956
0.96
0.963
0.963
0.963
0.963
0.963
0.964
0.964
0.964
0.965
0.965
0.966
0.969
0.973
0.976
0.98
0.984
0.987
0.99
0.993
0.997
1
0.999
0.998
0.997
0.996
0.995
0.994
0.993
0.991
0.99
0.989
0.985
0.982
0.979
0.976
0.972
0.967
0.963
0.958
0.953
0.948
0.942
0.936
0.93
0.924
0.918
0.913
0.908
0.902
0.897
0.892
0.888
0.884
0.88
0.876
0.872
0.871
0.869
0.868
0.866
0.865
0.862
0.86
0.857
0.855
0.852
0.848
0.843
0.839
0.834
0.829
0.823
0.817
0.812
0.806
0.8
0.797
0.794
0.791
0.788
0.785
0.784
0.784
0.783
0.783
0.783
0.783
0.784
0.784
0.785
0.786
0.781
0.777
0.773
0.768
0.764
0.719
0.675
0.63
0.585
0.541