5.56E-01
6.48E-01
7.40E-01
7.93E-01
8.46E-01
8.66E-01
8.86E-01
8.94E-01
9.02E-01
9.12E-01
9.21E-01
9.32E-01
9.43E-01
9.53E-01
9.64E-01
9.71E-01
9.77E-01
9.80E-01
9.83E-01
9.84E-01
9.86E-01
9.89E-01
9.91E-01
9.94E-01
9.96E-01
9.98E-01
1.00E+00
9.99E-01
9.98E-01
9.96E-01
9.92E-01
9.84E-01
9.76E-01
9.66E-01
9.57E-01
9.49E-01
9.41E-01
9.36E-01
9.30E-01
9.27E-01
9.24E-01
9.21E-01
9.19E-01
9.16E-01
9.12E-01
9.07E-01
9.01E-01
8.94E-01
8.88E-01
8.83E-01
8.78E-01
8.76E-01
8.75E-01
8.72E-01
8.69E-01
8.51E-01
8.33E-01
7.80E-01
7.28E-01
6.41E-01
5.55E-01
