4.81E-01
5.71E-01
6.61E-01
7.06E-01
7.49E-01
7.62E-01
7.75E-01
7.83E-01
7.94E-01
8.05E-01
8.17E-01
8.31E-01
8.45E-01
8.57E-01
8.67E-01
8.79E-01
8.91E-01
9.04E-01
9.16E-01
9.29E-01
9.43E-01
9.56E-01
9.70E-01
9.80E-01
9.90E-01
9.95E-01
1.00E+00
1.00E+00
9.98E-01
9.93E-01
9.89E-01
9.82E-01
9.76E-01
9.71E-01
9.68E-01
9.65E-01
9.63E-01
9.61E-01
9.59E-01
9.58E-01
9.56E-01
9.54E-01
9.51E-01
9.48E-01
9.46E-01
9.45E-01
9.43E-01
9.43E-01
9.43E-01
9.42E-01
9.43E-01
9.39E-01
9.37E-01
9.33E-01
9.29E-01
9.25E-01
9.22E-01
9.17E-01
9.14E-01
9.10E-01
9.07E-01
9.04E-01
9.00E-01
8.99E-01
8.97E-01
8.90E-01
8.84E-01
8.58E-01
8.29E-01
7.54E-01
6.72E-01
