6.59E-01
6.89E-01
7.20E-01
7.33E-01
7.46E-01
7.54E-01
7.63E-01
7.71E-01
7.81E-01
7.90E-01
7.99E-01
8.07E-01
8.14E-01
8.20E-01
8.26E-01
8.32E-01
8.38E-01
8.44E-01
8.50E-01
8.57E-01
8.64E-01
8.72E-01
8.80E-01
8.87E-01
8.94E-01
9.00E-01
9.06E-01
9.12E-01
9.16E-01
9.22E-01
9.27E-01
9.32E-01
9.36E-01
9.41E-01
9.46E-01
9.50E-01
9.54E-01
9.58E-01
9.61E-01
9.65E-01
9.67E-01
9.71E-01
9.75E-01
9.77E-01
9.81E-01
9.84E-01
9.88E-01
9.91E-01
9.93E-01
9.96E-01
9.99E-01
1.00E+00
1.00E+00
1.00E+00
9.97E-01
9.95E-01
9.92E-01
9.88E-01
9.83E-01
9.79E-01
9.76E-01
9.72E-01
9.68E-01
9.64E-01
9.60E-01
9.57E-01
9.55E-01
9.52E-01
9.50E-01
9.48E-01
9.46E-01
9.43E-01
9.41E-01
9.39E-01
9.37E-01
9.35E-01
9.32E-01
9.28E-01
9.26E-01
9.23E-01
9.19E-01
9.18E-01
9.17E-01
9.14E-01
9.11E-01
9.09E-01
9.06E-01
9.03E-01
9.00E-01
8.97E-01
8.93E-01
8.93E-01
8.90E-01
8.88E-01
8.86E-01
8.86E-01
8.85E-01
8.86E-01
8.86E-01
8.86E-01
8.86E-01
8.87E-01
8.88E-01
8.88E-01
8.87E-01
8.86E-01
8.85E-01
8.82E-01
8.80E-01
8.68E-01
8.56E-01
8.26E-01
7.95E-01
7.37E-01
6.79E-01
5.99E-01
5.18E-01
4.36E-01
3.54E-01
2.87E-01
2.21E-01
