1.24E-01
1.38E-01
1.52E-01
1.58E-01
1.64E-01
1.67E-01
1.71E-01
1.74E-01
1.77E-01
1.80E-01
1.84E-01
1.87E-01
1.90E-01
1.92E-01
1.94E-01
1.97E-01
1.99E-01
2.02E-01
2.04E-01
2.06E-01
2.08E-01
2.09E-01
2.11E-01
2.11E-01
2.11E-01
2.12E-01
2.13E-01
2.15E-01
2.17E-01
2.20E-01
2.23E-01
2.26E-01
2.29E-01
2.32E-01
2.35E-01
2.39E-01
2.42E-01
2.46E-01
2.49E-01
2.53E-01
2.56E-01
2.60E-01
2.64E-01
2.67E-01
2.70E-01
2.71E-01
2.73E-01
2.74E-01
2.76E-01
2.77E-01
2.77E-01
2.79E-01
2.80E-01
2.81E-01
2.83E-01
2.86E-01
2.89E-01
2.94E-01
2.98E-01
3.03E-01
3.08E-01
3.13E-01
3.19E-01
3.25E-01
3.30E-01
3.35E-01
3.41E-01
3.45E-01
3.49E-01
3.54E-01
3.58E-01
3.61E-01
3.64E-01
3.67E-01
3.71E-01
3.73E-01
3.76E-01
3.79E-01
3.82E-01
3.85E-01
3.88E-01
3.91E-01
3.95E-01
3.97E-01
4.00E-01
4.02E-01
4.05E-01
4.07E-01
4.10E-01
4.12E-01
4.14E-01
4.16E-01
4.18E-01
4.18E-01
4.18E-01
4.19E-01
4.19E-01
4.19E-01
4.20E-01
4.20E-01
4.20E-01
4.19E-01
4.19E-01
4.18E-01
4.18E-01
4.17E-01
4.16E-01
4.15E-01
4.14E-01
4.13E-01
4.11E-01
4.11E-01
4.11E-01
4.12E-01
4.13E-01
4.14E-01
4.16E-01
4.18E-01
4.20E-01
4.22E-01
4.24E-01
4.26E-01
4.28E-01
4.30E-01
4.32E-01
4.34E-01
4.36E-01
4.36E-01
4.36E-01
4.35E-01
4.33E-01
4.31E-01
4.29E-01
4.26E-01
4.23E-01
4.21E-01
4.19E-01
4.18E-01
4.17E-01
4.16E-01
4.15E-01
4.15E-01
4.15E-01
4.15E-01
4.15E-01
4.16E-01
4.17E-01
4.19E-01
4.20E-01
4.22E-01
4.24E-01
4.27E-01
4.30E-01
4.34E-01
4.37E-01
4.41E-01
4.45E-01
4.51E-01
4.56E-01
4.62E-01
4.68E-01
4.76E-01
4.84E-01
4.92E-01
5.01E-01
5.10E-01
5.19E-01
5.29E-01
5.38E-01
5.47E-01
5.57E-01
5.66E-01
5.73E-01
5.81E-01
5.88E-01
5.95E-01
6.01E-01
6.05E-01
6.09E-01
6.11E-01
6.12E-01
6.14E-01
6.17E-01
6.19E-01
6.21E-01
6.25E-01
6.29E-01
6.33E-01
6.38E-01
6.44E-01
6.50E-01
6.57E-01
6.63E-01
6.70E-01
6.76E-01
6.83E-01
6.90E-01
6.95E-01
7.00E-01
7.05E-01
7.10E-01
7.14E-01
7.17E-01
7.19E-01
7.21E-01
7.21E-01
7.21E-01
7.20E-01
7.19E-01
7.18E-01
7.16E-01
7.12E-01
7.08E-01
7.02E-01
6.96E-01
6.90E-01
6.84E-01
6.77E-01
6.71E-01
6.65E-01
6.59E-01
6.54E-01
6.50E-01
6.48E-01
6.45E-01
6.44E-01
6.42E-01
6.42E-01
6.41E-01
6.41E-01
6.41E-01
6.42E-01
6.43E-01
6.45E-01
6.46E-01
6.49E-01
6.51E-01
6.52E-01
6.52E-01
6.52E-01
6.53E-01
6.51E-01
6.49E-01
6.47E-01
6.45E-01
6.42E-01
6.39E-01
6.37E-01
6.35E-01
6.32E-01
6.30E-01
6.26E-01
6.23E-01
6.20E-01
6.17E-01
6.14E-01
6.11E-01
6.10E-01
6.09E-01
6.11E-01
6.12E-01
6.15E-01
6.17E-01
6.21E-01
6.24E-01
6.28E-01
6.33E-01
6.36E-01
6.40E-01
6.42E-01
6.43E-01
6.44E-01
6.45E-01
6.45E-01
6.45E-01
6.45E-01
6.44E-01
6.43E-01
6.43E-01
6.42E-01
6.41E-01
6.40E-01
6.39E-01
6.36E-01
6.34E-01
6.31E-01
6.29E-01
6.26E-01
6.23E-01
6.21E-01
6.19E-01
6.18E-01
6.16E-01
6.16E-01
6.15E-01
6.15E-01
6.16E-01
6.16E-01
6.16E-01
6.17E-01
6.19E-01
6.20E-01
6.21E-01
6.24E-01
6.27E-01
6.31E-01
6.35E-01
6.41E-01
6.47E-01
6.53E-01
6.58E-01
6.65E-01
6.72E-01
6.80E-01
6.87E-01
6.95E-01
7.02E-01
7.09E-01
7.17E-01
7.23E-01
7.29E-01
7.34E-01
7.39E-01
7.43E-01
7.48E-01
7.51E-01
7.55E-01
7.60E-01
7.66E-01
7.71E-01
7.78E-01
7.84E-01
7.89E-01
7.96E-01
8.03E-01
8.09E-01
8.15E-01
8.21E-01
8.26E-01
8.32E-01
8.38E-01
8.44E-01
8.50E-01
8.55E-01
8.60E-01
8.64E-01
8.68E-01
8.72E-01
8.75E-01
8.78E-01
8.81E-01
8.83E-01
8.85E-01
8.88E-01
8.92E-01
8.95E-01
8.98E-01
9.04E-01
9.09E-01
9.14E-01
9.19E-01
9.25E-01
9.32E-01
9.36E-01
9.42E-01
9.48E-01
9.54E-01
9.59E-01
9.63E-01
9.69E-01
9.74E-01
9.79E-01
9.83E-01
9.88E-01
9.91E-01
9.93E-01
9.94E-01
9.95E-01
9.96E-01
9.94E-01
9.93E-01
9.92E-01
9.91E-01
9.89E-01
9.87E-01
9.86E-01
9.86E-01
9.86E-01
9.86E-01
9.87E-01
9.89E-01
9.88E-01
9.88E-01
9.91E-01
9.93E-01
9.95E-01
9.97E-01
9.97E-01
1.00E+00
9.99E-01
9.99E-01
1.00E+00
1.00E+00
9.97E-01
9.94E-01
9.92E-01
9.89E-01
9.86E-01
9.81E-01
9.79E-01
9.76E-01
9.75E-01
9.72E-01
9.70E-01
9.69E-01
9.68E-01
9.67E-01
9.68E-01
9.69E-01
9.69E-01
9.70E-01
9.70E-01
9.71E-01
9.71E-01
9.70E-01
9.67E-01
9.63E-01
9.60E-01
9.56E-01
9.50E-01
9.46E-01
9.42E-01
9.37E-01
9.36E-01
9.34E-01
9.35E-01
9.36E-01
9.38E-01
9.39E-01
9.30E-01
9.23E-01
8.92E-01
8.61E-01
8.00E-01
7.39E-01
6.54E-01
5.70E-01
4.83E-01
3.96E-01
3.28E-01
2.59E-01
