0.020822904
0.03736105
0.055071581
0.066959915
0.073502889
0.085883103
0.116517468
0.169891344
0.236380444
0.286286145
0.302934074
0.298032858
0.302261459
0.327916543
0.377688863
0.439565138
0.492232506
0.523053272
0.539128509
0.552905585
0.579736862
0.61593563
0.656036616
0.6952426
0.716106722
0.725675611
0.732692531
0.74055221
0.755174668
0.777829068
0.798038595
0.818987724
0.830120815
0.840485206
0.852195306
0.855021735
0.865083606
0.875984407
0.890414859
0.900810368
0.911129324
0.923485734
0.930668682
0.942346468
0.95009658
0.9632677
0.978207147
0.983131001
0.990245724
0.994186874
0.997938816
0.998650616
1
0.995575791
0.990568286
0.9803089
0.96401625
0.936016328
0.895987719
0.844919233
0.781131253
0.709877949
0.632670785
0.55418224
0.473798697
0.40082764
0.33410331
0.275854303
0.226125385
0.184656615
0.151027385