0.637112042
0.66758893
0.690320151
0.705347463
0.717357468
0.724850962
0.732532632
0.739658288
0.746041143
0.751577068
0.758385376
0.764228493
0.767445151
0.773086089
0.776657327
0.779822174
0.781058641
0.784699368
0.790230709
0.796812201
0.802880549
0.81163555
0.819949254
0.828618142
0.838502824
0.849367436
0.859870214
0.872370136
0.883187043
0.893261476
0.905100303
0.910902669
0.921799071
0.92930219
0.935093053
0.942504287
0.947245259
0.950484511
0.955180426
0.96139159
0.965091311
0.969083686
0.974985419
0.979988665
0.983508296
0.98918593
0.992191685
0.996263538
0.998727955
0.999028148
1
0.996313186
0.989972724
0.98227372
0.965004707
0.942220512
0.911068701
0.867728027
0.814620288
0.754256766
0.685145771