0.703977271
0.74010731
0.770463444
0.79598148
0.817829078
0.835191095
0.850664034
0.862700163
0.869262024
0.874762846
0.878041864
0.880905183
0.881451715
0.879821403
0.879979721
0.877409103
0.877395625
0.876761999
0.876312203
0.877766827
0.878673542
0.882028596
0.8865482
0.891695316
0.897947055
0.904417309
0.910948165
0.920149482
0.927253031
0.934333905
0.942608775
0.949586539
0.959864711
0.969636392
0.974879119
0.982937051
0.987860807
0.99123473
0.996896911
0.996845345
1
0.997554669
0.996512049
0.992160976
0.996647077
0.992343747
0.989228862
0.984576849
0.983131142
0.983412238
0.978744978
0.97859925
0.976180976
0.97713702
0.97875764
0.979386126
0.978289591
0.981004218
0.986396328
0.98653321
0.987769279
0.990228489
0.989427133
0.98975609
0.988945961
0.989061464
0.988863549
0.986505212
0.982940997
0.983282796
0.980487414
0.978421762
0.974428984
0.97090851
0.968761761
0.967305949
0.965411078
0.963547689
0.966747602
0.966473706
0.967082643
0.969265644
0.970147053
0.969642302
0.969245846
0.965766785
0.959836004
0.953629406
0.947291751
0.941971688
0.939516197
0.939309685
0.937206868
0.932851919
0.928328602
0.921775093
0.9138139
0.902559052
0.893286268
0.885282263
0.874348095
0.861097375
0.847738847
0.828392879
0.806631755
0.782270583
0.7559107
0.726478079
0.697343029
0.666982431
0.637744559
0.609789447
0.5792178
0.548835425
0.517035706
0.48369641
0.449341269
0.414448655
0.38040118
0.348113808
0.316867166